   2.6845999855140690E-005
   2.6845999855140690E-005
   1.0738399942056276E-004
   1.0738647007713098E-004
   2.4161399869626621E-004
   2.4161399869626621E-004
   4.2954588030852392E-004
   4.2954588030852392E-004
   6.7114999637851724E-004
   6.7115617299862151E-004
   1.3154712874552388E-003
   1.3154885821222706E-003
   1.7181637559247065E-003
   1.7181835212340957E-003
   2.1745482241044556E-003
   2.1745482241044556E-003
   2.6846246919944861E-003
   2.6846246919944861E-003
   3.2484067481988177E-003
   3.2484203368312592E-003
   4.5370382124474418E-003
   4.5370382124474418E-003
   5.2618851498209551E-003
   5.2618851498209551E-003
   6.0404240869047499E-003
   6.0404240869047499E-003
   6.8726550236988260E-003
   6.8726550236988260E-003
   7.7585779602031835E-003
   7.7585989607911188E-003
   9.6914998323427426E-003
   9.6915467748317496E-003
   1.0738498767977944E-002
   1.0738548181109309E-002
   1.1839241587097149E-002
   1.1839241587097149E-002
   1.2993626992795271E-002
   1.2993626992795271E-002
   1.4201732810775525E-002
   1.4201761223375797E-002
   1.6778996974608162E-002
   1.6778996974608162E-002
   1.8148152849789767E-002
   1.8148152849789767E-002
   1.9571000724681653E-002
   1.9571000724681653E-002
   2.1047540599283820E-002
   2.1047540599283820E-002
   2.2577772473596269E-002
   2.2577772473596269E-002
   2.5799312221352011E-002
   2.5799312221352011E-002
   2.7490620094795304E-002
   2.7490659625314606E-002
   2.9235701499658262E-002
   2.9235701499658262E-002
   3.1034395843164475E-002
   3.1034395843164475E-002
   3.2886782186380970E-002
   3.2886868659488755E-002
   3.6752630871944802E-002
   3.6752722286337303E-002
   3.8766140156795359E-002
   3.8766187099326999E-002
   4.0833343912026976E-002
   4.0833343912026976E-002
   4.2954192724437235E-002
   4.2954192724437235E-002
   4.5128733536557775E-002
   4.5128733536557775E-002
   4.9638891159929699E-002
   4.9638891159929699E-002
   5.1974507971181083E-002
   5.1974562325668217E-002
   5.4363927961787795E-002
   5.4363927961787795E-002
   5.6806931243102099E-002
   5.6806931243102099E-002
   5.9303510403196924E-002
   5.9303626524126685E-002
   6.4458093085306700E-002
   6.4458214147634862E-002
   6.7115926131933179E-002
   6.7115987898432650E-002
   6.9827327645327841E-002
   6.9827327645327841E-002
   7.2592611399159068E-002
   7.2592611399159068E-002
   7.5411395676624693E-002
   7.5411461149087700E-002
   8.1210236648075806E-002
   8.1210236648075806E-002
   8.4190162397135282E-002
   8.4190162397135282E-002
   8.7223780145905039E-002
   8.7223780145905039E-002
   9.0311089894385077E-002
   9.0311089894385077E-002
   9.3452091642575397E-002
   9.3452164526993897E-002
   9.9895171138086880E-002
   9.9895321848237018E-002
  0.10319724888540804     
  0.10319740206620054     
  0.10655317428387434     
  0.10655317428387434     
  0.10996263850125843     
  0.10996263850125843     
  0.11342587501475521     
  0.11342595531118604     
  0.12051334868579033     
  0.12051334868579033     
  0.12413758337265790     
  0.12413758337265790     
  0.12781551005923575     
  0.12781551005923575     
  0.13154712874552388     
  0.13154712874552388     
  0.13533243943152229     
  0.13533252713990862     
  0.14306413680264995     
  0.14306413680264995     
  0.14701052348777921     
  0.14701061490212908     
  0.15101078747198926     
  0.15101078747198926     
  0.15506456062718144     
  0.15506456062718144     
  0.15917202578208389     
  0.15917221602285281     
  0.16754822727307328     
  0.16754822727307328     
  0.17181667207138673     
  0.17181677089774894     
  0.17613900652213488     
  0.17613900652213488     
  0.18051493414623110     
  0.18051493414623110     
  0.18494455377003760     
  0.18494455377003760     
  0.19396486901678145     
  0.19396486901678145     
  0.19855556463971880     
  0.19855567087803649     
  0.20320016720967260     
  0.20320016720967260     
  0.20789824930267287     
  0.20789824930267287     
  0.21264980350679252     
  0.21265002339538341     
  0.22231464757993535     
  0.22231487240992465     
  0.22722761132207836     
  0.22722772497240840     
  0.23219403976332842     
  0.23219403976332842     
  0.23721450609650674     
  0.23721450609650674     
  0.24228843465812133     
  0.24228843465812133     
  0.25259736778048136     
  0.25259736778048136     
  0.25783237234122680     
  0.25783237234122680     
  0.26312106890168252     
  0.26312106890168252     
  0.26846370452773272     
  0.26846370452773272     
  0.27385953802172480     
  0.27385966278997387     
  0.28481277514060821     
  0.28481302961841948     
  0.29037018864806896     
  0.29037044559663627     
  0.29598103967742873     
  0.29598103967742873     
  0.30164558270649877     
  0.30164558270649877     
  0.30736394991551208     
  0.30736408209577348     
  0.31896163309374970     
  0.31896163309374970     
  0.32484094659230323     
  0.32484094659230323     
  0.33077395209056704     
  0.33077395209056704     
  0.33676064958854113     
  0.33676064958854113     
  0.34280103908622550     
  0.34280117867844240     
  0.35504289408072509     
  0.35504317820647202     
  0.36124435957754031     
  0.36124464617392960     
  0.36749980614109745     
  0.36749980614109745     
  0.37380865810797559     
  0.37380865810797559     
  0.38017134907876482     
  0.38017149608299405     
  0.39305766495658645     
  0.39305766495658645     
  0.39958113668275530     
  0.39958128739294807     
  0.40615860182901997     
  0.40615860182901997     
  0.41278960826480215     
  0.41278960826480215     
  0.41947430670029462     
  0.41947430670029462     
  0.43300477957041039     
  0.43300477957041039     
  0.43985055400503370     
  0.43985071212718196     
  0.44675033915433460     
  0.44675033915433460     
  0.45370350005902083     
  0.45370350005902083     
  0.46071035296341734     
  0.46071067661978304     
  0.47488513477134120     
  0.47488546336899162     
  0.48205322920900073     
  0.48205339474316133     
  0.48927501811704133     
  0.48927501811704133     
  0.49655033349063160     
  0.49655033349063160     
  0.50387934086393216     
  0.50387934086393216     
  0.51869843160966411     
  0.51869843160966411     
  0.52618851498209551     
  0.52618868792821161     
  0.53373229035423719     
  0.53373229035423719     
  0.54133010855963448     
  0.54133010855963448     
  0.54898091709765140     
  0.54898109374973103     
  0.56444467008537913     
  0.56444502833096521     
  0.57225690792671458     
  0.57225726864294302     
  0.58012283776776030     
  0.58012283776776030     
  0.58804245960851631     
  0.58804245960851631     
  0.59601595751304615     
  0.59601614157713811     
  0.61212385019848625     
  0.61212385019848625     
  0.62025824250872574     
  0.62025824250872574     
  0.62844632681867552     
  0.62844632681867552     
  0.63668810312833557     
  0.63668810312833557     
  0.64498357143770590     
  0.64498376291375337     
  0.66173558405557742     
  0.66173597194898548     
  0.67019212836407860     
  0.67019251872812902     
  0.67870275750698283     
  0.67870275750698283     
  0.68726668828554693     
  0.68726668828554693     
  0.69588450995185269     
  0.69588470883991249     
  0.71328103533687681     
  0.71328103533687681     
  0.72205973658492439     
  0.72205973658492439     
  0.73089212983268226     
  0.73089212983268226     
  0.73977821508015040     
  0.73977821508015040     
  0.74871799232732883     
  0.74871799232732883     
  0.76675862282081653     
  0.76675904036216025     
  0.77585947606712580     
  0.77585968607310463     
  0.78501444379577379     
  0.78501444379577379     
  0.79422268351214598     
  0.79422268351214598     
  0.80348461522822845     
  0.80348504265225529     
  0.82216955465952424     
  0.82216998702483579     
  0.83159277979270030     
  0.83159299721069146     
  0.84106969939625742     
  0.84106969939625742     
  0.85060009358153366     
  0.85060009358153366     
  0.86018417976652017     
  0.86018417976652017     
  0.87951342813562405     
  0.87951342813562405     
  0.88925859031974142     
  0.88925881514968808     
  0.89905789663413316     
  0.89905789663413316     
  0.90891044528831344     
  0.90891044528831344     
  0.91881622887035519     
  0.91881668594220400     
  0.93879024324911597     
  0.93879070526236319     
  0.94885779214406796     
  0.94885802438602695     
  0.95897856855486907     
  0.95897856855486907     
  0.96915373863248533     
  0.96915373863248533     
  0.97938189780735740     
  0.97938213375527994     
   1.0000000000000000     
   1.0103894711219255     
   1.0103894711219255     
   1.0208326342435612     
   1.0208328751327969     
   1.0313294893649072     
   1.0313294893649072     
   1.0418805232057480     
   1.0418805232057480     
   1.0738543239791056     
   1.0738548181109309     
   1.0846196415696454     
   1.0846201381721130     
   1.0954386511598955     
   1.0954386511598955     
   1.1063113527498558     
   1.1063113527498558     
   1.1392521184736779     
   1.1392521184736779     
   1.1503395905331217     
   1.1503395905331217     
   1.1614807545922758     
   1.1614807545922758     
   1.1726756106511402     
   1.1726756106511402     
   1.2065823308259951     
   1.2065828546056423     
   1.2179919548837006     
   1.2179924811339902     
   1.2294557996620483     
   1.2294557996620483     
   1.2409728101898168     
   1.2409728101898168     
   1.2758465323749988     
   1.2758465323749988     
   1.2875783133722507     
   1.2875783133722507     
   1.2993637863692129     
   1.2993637863692129     
   1.3112029513658854     
   1.3112029513658854     
   1.3470425983541645     
   1.3470425983541645     
   1.3590965313496781     
   1.3590968092987765     
   1.3712047147137696     
   1.3712047147137696     
   1.3833660341793461     
   1.3833660341793461     
   1.4201721445743374     
   1.4201727128258881     
   1.4325485173998374     
   1.4325488027609481     
   1.4449785846957184     
   1.4449785846957184     
   1.4574620586301990     
   1.4574620586301990     
   1.4952346324319024     
   1.4952346324319024     
   1.5079328743652241     
   1.5079331671382903     
   1.5206853963150593     
   1.5206853963150593     
   1.5334910247184439     
   1.5334910247184439     
   1.5722300619268594     
   1.5722306598263458     
   1.5852507585141353     
   1.5852510586992139     
   1.5983245467310212     
   1.5983245467310212     
   1.6114529324440809     
   1.6114529324440809     
   1.6511584330592086     
   1.6511584330592086     
   1.6645009839303384     
   1.6645009839303384     
   1.6778972268011785     
   1.6778972268011785     
   1.6913471616717288     
   1.6913471616717288     
   1.7320191182816416     
   1.7320197458289499     
   1.7456838211510330     
   1.7456844511689837     
   1.7594028485087279     
   1.7594028485087279     
   1.7731749378481823     
   1.7731749378481823     
   1.8148140002360833     
   1.8148140002360833     
   1.8288008600450212     
   1.8288008600450212     
   1.8428414118536693     
   1.8428414118536693     
   1.8569356556620278     
   1.8569356556620278     
   1.8995405390853648     
   1.8995405390853648     
   1.9138495508925644     
   1.9138498807254933     
   1.9282129168360029     
   1.9282129168360029     
   1.9426293151132654     
   1.9426293151132654     
   1.9862013339625264     
   1.9862013339625264     
   2.0008321654643311     
   2.0008325027092724     
   2.0155173634557286     
   2.0155173634557286     
   2.0302559162018952     
   2.0302559162018952     
   2.0747937264386564     
   2.0747937264386564     
   2.0897470471836641     
   2.0897473918405609     
   2.1047547517128464     
   2.1047547517128464     
   2.1198154589279170     
   2.1198154589279170     
   2.1653197325713904     
   2.1653204342385379     
   2.1805955598541829     
   2.1805959119230920     
   2.1959243749989241     
   2.1959243749989241     
   2.2113079432913310     
   2.2113079432913310     
   2.2577786803415165     
   2.2577786803415165     
   2.2733763100243323     
   2.2733763100243323     
   2.2890276317068583     
   2.2890276317068583     
   2.3047333692921370     
   2.3047333692921370     
   2.3521698384340652     
   2.3521705697490347     
   2.3680903539007545     
   2.3680910876864800     
   2.3840638300521846     
   2.3840638300521846     
   2.4000909982033249     
   2.4000909982033249     
   2.4484954007939450     
   2.4484954007939450     
   2.4647373394145689     
   2.4647373394145689     
   2.4810329700349030     
   2.4810329700349030     
   2.4973822926549474     
   2.4973822926549474     
   2.5467524125133423     
   2.5467531734762474     
   2.5633165031322278     
   2.5633172665657753     
   2.5799350516550135     
   2.5799350516550135     
   2.5966065287439619     
   2.5966065287439619     
   2.6469438877959419     
   2.6469438877959419     
   2.6638297462256020     
   2.6638301353543739     
   2.6807700749125161     
   2.6807700749125161     
   2.6977637064703686     
   2.6977637064703686     
   2.7490667531421877     
   2.7490667531421877     
   2.7662751526988814     
   2.7662755492396087     
   2.7835380398074108     
   2.7835380398074108     
   2.8008538258341673     
   2.8008538258341673     
   2.8531233359126986     
   2.8531241413475072     
   2.8706542938910076     
   2.8706546978437473     
   2.8882389463396976     
   2.8882389463396976     
   2.9058768868353582     
   2.9058768868353582     
   2.9591128603206016     
   2.9591128603206016     
   2.9769655688151033     
   2.9769659801797985     
   2.9948719693093153     
   2.9948719693093153     
   3.0128328894739411     
   3.0128328894739411     
   3.0670353263658967     
   3.0670361614486410     
   3.0852101893293025     
   3.0852110268826891     
   3.1034387442924185     
   3.1034387442924185     
   3.1217209912552448     
   3.1217209912552448     
   3.1768907340485839     
   3.1768907340485839     
   3.1953877514808937     
   3.1953877514808937     
   3.2139384609129138     
   3.2139384609129138     
   3.2325428623446442     
   3.2325428623446442     
   3.2886782186380970     
   3.2886790833686632     
   3.3074973880686684     
   3.3074982552698771     
   3.3263711191708012     
   3.3263711191708012     
   3.3452976750714356     
   3.3452976750714356     
   3.4024003743261346     
   3.4024003743261346     
   3.4215417006962525     
   3.4215417006962525     
   3.4407367190660807     
   3.4407367190660807     
   3.4599854294356192     
   3.4599854294356192     
   3.5180537125424962     
   3.5180546069209981     
   3.5375171909108758     
   3.5375176393354337     
   3.5570352605987523     
   3.5570352605987523     
   3.5766061254371948     
   3.5766061254371948     
   3.6356408719507840     
   3.6356417811532538     
   3.6554269606246095     
   3.6554274164611797     
   3.6752667437688160     
   3.6752667437688160     
   3.6951597630761626     
   3.6951597630761626     
   3.7551609729964639     
   3.7551609729964639     
   3.7752687603026516     
   3.7752692235511773     
   3.7954311685762718     
   3.7954311685762718     
   3.8156463423525224     
   3.8156463423525224     
   3.8766140156795359     
   3.8766149545299413     
   3.8970444281151373     
   3.8970448987756754     
   3.9175275912294296     
   3.9175275912294296     
   3.9380658632662744     
   3.9380658632662744     
   4.0000000000000000     
   4.0207520962439958     
   4.0207520962439958     
   4.0415578844877018     
   4.0415578844877018     
   4.0624173647311181     
   4.0624173647311181     
   4.1463931766707560     
   4.1463941476397395     
   4.1675211193833661     
   4.1675220928229919     
   4.1887027540956865     
   4.1887027540956865     
   4.2739671987349084     
   4.2739671987349084     
   4.2954172959164225     
   4.2954172959164225     
   4.3169210850976469     
   4.3169210850976469     
   4.4034731618196474     
   4.4034741624364528     
   4.4252454109994233     
   4.4252464140868710     
   4.4470723577369995     
   4.4470723577369995     
   4.5349140677753894     
   4.5349140677753894     
   4.5570084738947116     
   4.5570084738947116     
   4.5791565720137442     
   4.5791565720137442     
   4.6682858844869770     
   4.6682858844869770     
   4.6907024426045609     
   4.6907024426045609     
   4.7131737279278809     
   4.7131737279278809     
   4.8035916582767300     
   4.8035927033654389     
   4.8263314184225692     
   4.8263314184225692     
   4.8491238254794098     
   4.8491238254794098     
   4.9408303737038750     
   4.9408303737038750     
   4.9638912407592670     
   4.9638912407592670     
   4.9870068646683308     
   4.9870068646683308     
   5.0800020307684122     
   5.0800031055050567     
   5.1033861294999951     
   5.1033861294999951     
   5.1268217658167146     
   5.1268217658167146     
   5.2211066294703414     
   5.2211066294703414     
   5.2448118054635415     
   5.2448118054635415     
   5.2685706734564519     
   5.2685706734564519     
   5.3641430654251963     
   5.3641441698096628     
   5.3881703934166580     
   5.3881715002717669     
   5.4122525227335814     
   5.4122525227335814     
   5.5091146517863763     
   5.5091146517863763     
   5.5334641367173845     
   5.5334641367173845     
   5.5578673136481029     
   5.5578673136481029     
   5.6560169413680796     
   5.6560169413680796     
   5.6806885782973495     
   5.6806885782973495     
   5.7054150462000166     
   5.7054150462000166     
   5.8048544406519795     
   5.8048544406519795     
   5.8298482345207958     
   5.8298482345207958     
   5.8548957203893224     
   5.8548957203893224     
   5.9556225838605314     
   5.9556225838605314     
   5.9809385297276094     
   5.9809385297276094     
   6.0063093362160203     
   6.0063093362160203     
   6.1083248175628455     
   6.1083259960671512     
   6.1339640988737756     
   6.1339640988737756     
   6.1596547102345198     
   6.1596547102345198     
   6.2629599929025517     
   6.2629599929025517     
   6.2889202477074377     
   6.2889202477074377     
   6.3149341945120341     
   6.3149341945120341     
   6.4195269017275223     
   6.4195281098796499     
   6.4458105191534401     
   6.4458117297763238     
   6.4721466204269404     
   6.4721466204269404     
   6.5780291684941403     
   6.5780291684941403     
   6.6046337322368345     
   6.6046337322368345     
   6.6312919879792389     
   6.6312919879792389     
   6.7384619309459595     
   6.7384631687460228     
   6.7653886466869153     
   6.7653898869576210     
   6.7923702971689295     
   6.7923702971689295     
   6.9008301106352974     
   6.9008301106352974     
   6.9280789833157996     
   6.9280789833157996     
   6.9553815479960122     
   6.9553815479960122     
   7.0651287267139651     
   7.0651287267139651     
   7.0926997513927290     
   7.0926997513927290     
   7.1203257404604869     
   7.1203257404604869     
   7.2313615370540560     
   7.2313628193260229     
   7.2592560009443332     
   7.2592560009443332     
   7.2872028745623538     
   7.2872028745623538     
   7.3995272890315391     
   7.3995272890315391     
   7.4277426226481111     
   7.4277426226481111     
   7.4560116482643934     
   7.4560116482643934     
   7.5696259826464143     
   7.5696272945663168     
   7.5981634707318904     
   7.5981647851224352     
   7.6267546508170767     
   7.6267546508170767     
   7.7416576178986816     
   7.7416576178986816     
   7.7705172604530617     
   7.7705172604530617     
   7.7994305950071521     
   7.7994305950071521     
   7.9156208532206165     
   7.9156221947883409     
   7.9448026477732583     
   7.9448039918116251     
   7.9740394808346196     
   7.9740394808346196     
   8.0915197133153924     
   8.0915197133153924     
   8.1210236648075806     
   8.1210236648075806     
   8.1505813082994791     
   8.1505813082994791     
   8.2693488022641759     
   8.2693501734798360     
   8.2991749057546258     
   8.2991749057546258     
   8.3290560774017308     
   8.3290560774017308     
   8.4491121892420438     
   8.4491135752816717     
   8.4792618357116680     
   8.4792618357116680     
   8.5094637881413746     
   8.5094637881413746     
   8.6308085178573037     
   8.6308085178573037     
   8.6612789302855617     
   8.6612789302855617     
   8.6918044405184105     
   8.6918044405184105     
   8.8144377881099558     
   8.8144392037975194     
   8.8452317731653238     
   8.8452317731653238     
   8.8760766139039902     
   8.8760766139039902     
   9.0000000000000000     
   9.0311147213660661     
   9.0311147213660661     
   9.0622831347318424     
   9.0622831347318424     
   9.2189320293624064     
   9.2189334771685481     
   9.2504225971970868     
   9.2504240474738708     
   9.4086822789961388     
   9.4086822789961388     
   9.4404950012997233     
   9.4404950012997233     
   9.6003639928132998     
   9.6003654702672634     
   9.6324988671151459     
   9.6325003470397519     
   9.7939816031757800     
   9.7939816031757800     
   9.8264386344171726     
   9.8264386344171726     
   9.9895291706197895     
   9.9895291706197895     
   10.022308353859444     
   10.022308353859444     
   10.187011171979123     
   10.187012693904990     
   10.220114034084190     
   10.220114034084190     
   10.386426114975848     
   10.386426114975848     
   10.419849607153310     
   10.419849607153310     
   10.587773999609965     
   10.587775551183768     
   10.621521200300776     
   10.621521200300776     
   10.791054825881474     
   10.791054825881474     
   10.825122626996745     
   10.825122626996745     
   10.996267012568751     
   10.996268593790376     
   11.030656965682283     
   11.030658549374550     
   11.203415303336669     
   11.203415303336669     
   11.238127413389748     
   11.238127413389748     
   11.412493343650794     
   11.412493343650794     
   11.447527605702135     
   11.447527605702135     
   11.623507547341433     
   11.623507547341433     
   11.658863966332319     
   11.658863966332319     
   11.836451441282406     
   11.836451441282406     
   11.872130012271555     
   11.872130012271555     
   12.051329902554301     
   12.051331557895764     
   12.087332285824459     
   12.087332285824459     
   12.268141305463587     
   12.268141305463587     
   12.304464185390543     
   12.304464185390543     
   12.486883965020979     
   12.486885650010265     
   12.523530684406126     
   12.523532371866168     
   12.707562936194336     
   12.707562936194336     
   12.744530125059100     
   12.744530125059100     
   12.930171449378577     
   12.930173164015798     
   12.967460790241603     
   12.967462507349467     
   13.154716333474653     
   13.154716333474653     
   13.192327831277225     
   13.192327831277225     
   13.381190700285742     
   13.381190700285742     
   13.419124350086577     
   13.419124350086577     
   13.609599738195413     
   13.609601497304538     
   13.647857304044919     
   13.647857304044919     
   13.839941717742477     
   13.839941717742477     
   13.878519676481119     
   13.878519676481119     
   14.072216638926932     
   14.072218427683993     
   14.111116752134478     
   14.111118543362181     
   14.306424501748779     
   14.306424501748779     
   14.345646769425230     
   14.345646769425230     
   14.542563487803136     
   14.542565306208019     
   14.582107907477848     
   14.582109728353373     
   14.780639052304650     
   14.780639052304650     
   14.820505628918909     
   14.820505628918909     
   15.020643891985856     
   15.020645740038674     
   15.060832620598376     
   15.060832620598376     
   15.262583506533304     
   15.262585369410090     
   15.303096254962156     
   15.303096254962156     
   15.506456062718144     
   15.506456062718144     
   15.547289100268472     
   15.547289100268472     
   15.752261560540376     
   15.752263453065098     
   15.793418647554972     
   15.793418647554972     
   16.000000000000000     
   16.041477346488136     
   16.041477346488136     
   16.291468957410871     
   16.291472806697357     
   16.543397359257369     
   16.543397359257369     
   16.797254823806952     
   16.797258732389309     
   17.053049138576171     
   17.053049138576171     
   17.310772456752602     
   17.310772456752602     
   17.570428686918603     
   17.570432684444540     
   17.832021856247820     
   17.832021856247820     
   18.095547996862479     
   18.095547996862479     
   18.361003022292607     
   18.361003022292607     
   18.628390959712306     
   18.628390959712306     
   18.897715954886962     
   18.897715954886962     
   19.168969745933509     
   19.168969745933509     
   19.442160654030886     
   19.442160654030886     
   19.717280298704281     
   19.717280298704281     
   19.994332855367247     
   19.994337119724378     
   20.273322618024622     
   20.273322618024622     
   20.554241028314436     
   20.554245351967438     
   20.837096703894531     
   20.837096703894531     
   21.121880967811194     
   21.121880967811194     
   21.408602556314008     
   21.408602556314008     
   21.697252673857520     
   21.697252673857520     
   21.987840175283054     
   21.987840175283054     
   22.280356146453414     
   22.280356146453414     
   22.574805029613344     
   22.574809560801668     
   22.871191385598877     
   22.871191385598877     
   23.169506122385656     
   23.169510712869851     
   23.469758391293908     
   23.469758391293908     
   23.771938981707535     
   23.771938981707535     
   24.076052484110733     
   24.076057163538508     
   24.382103607578983     
   24.382103607578983     
   24.690087702332676     
   24.690087702332676     
   25.000000000000000     
